10,279
10,89
10,107
10,29
10,23
10,141
10,227
10,93
11,14
11,28
11,11
9,5
8,8
8,5
8,6
8,7
8,14
39982,3
39982,2
39982,1
39982,0
17396,3
17396,1
20,3
20,2
20,1
19,3
19,2
19,1
18,3
18,1
14,6
14,5
14,4
14,3
14,2
14,1
14,0
13,3
13,1
12,3
12,2
12,1
11,20
11,19
11,15
11,13
11,12
11,7
11,5
11,3
11,2
11,1
10,264
10,200
10,152
10,122
10,102
10,86
10,78
10,64
10,3
10,2
10,1
9,7
9,6
9,4
9,3
9,2
9,1
8,15
8,13
8,12
8,10
8,9
8,4
8,3
8,2
8,1
3,3
3,2
3,1
2,3
2,2
2,1
0,572
0,568
0,564
0,563
0,562
0,559
0,557
0,553
0,551
0,549
0,543
0,522
0,521
0,520
0,510
0,509
0,493
0,472
0,445
0,430
0,427
0,426
0,425
0,423
0,419
0,418
0,417
0,416
0,414
0,412
